Min Seam:  44282.7973124
[ 499 , 145 , 17.7087059172 ]
[ 498 , 145 , 5.42454619588 ]
[ 497 , 146 , 202.196424583 ]
[ 496 , 147 , 87.24705643 ]
[ 495 , 147 , 1.62642224225 ]
[ 494 , 147 , 136.575838898 ]
[ 493 , 147 , 32.304036613 ]
[ 492 , 147 , 167.213626038 ]
[ 491 , 148 , 204.35909392 ]
[ 490 , 149 , 67.8375774724 ]
[ 489 , 149 , 21.5002199473 ]
[ 488 , 149 , 161.54220797 ]
[ 487 , 150 , 64.4540827339 ]
[ 486 , 150 , 68.3676021635 ]
[ 485 , 149 , 0.708401792936 ]
[ 484 , 150 , 18.3801262789 ]
[ 483 , 151 , 116.817342031 ]
[ 482 , 151 , 18.0249326455 ]
[ 481 , 152 , 154.480360807 ]
[ 480 , 151 , 30.1618616985 ]
[ 479 , 152 , 83.2595938234 ]
[ 478 , 151 , 60.0756021255 ]
[ 477 , 151 , 346.587423485 ]
[ 476 , 150 , 83.9646604 ]
[ 475 , 149 , 5.2006521777 ]
[ 474 , 148 , 39.9934982548 ]
[ 473 , 149 , 54.3871532514 ]
[ 472 , 148 , 45.2544581162 ]
[ 471 , 148 , 172.000881749 ]
[ 470 , 147 , 103.809923462 ]
[ 469 , 146 , 127.487301523 ]
[ 468 , 147 , 5.50478740335 ]
[ 467 , 147 , 96.7862939547 ]
[ 466 , 148 , 138.586308056 ]
[ 465 , 147 , 43.2322507411 ]
[ 464 , 148 , 90.7699145599 ]
[ 463 , 147 , 84.0508365281 ]
[ 462 , 146 , 128.947612075 ]
[ 461 , 145 , 170.709486791 ]
[ 460 , 144 , 88.8829190322 ]
[ 459 , 143 , 189.372697025 ]
[ 458 , 143 , 30.4927658997 ]
[ 457 , 142 , 64.9109314173 ]
[ 456 , 141 , 15.1788165975 ]
[ 455 , 140 , 51.2584664876 ]
[ 454 , 141 , 50.1344673817 ]
[ 453 , 140 , 259.726249099 ]
[ 452 , 140 , 100.211974344 ]
[ 451 , 141 , 99.9231838063 ]
[ 450 , 140 , 37.8953176822 ]
[ 449 , 140 , 18.852219207 ]
[ 448 , 141 , 30.2282767101 ]
[ 447 , 140 , 110.406214799 ]
[ 446 , 139 , 155.70996503 ]
[ 445 , 139 , 2.8211660491 ]
[ 444 , 139 , 8.65380602481 ]
[ 443 , 140 , 206.855755152 ]
[ 442 , 140 , 10.1654177246 ]
[ 441 , 140 , 10.9732270758 ]
[ 440 , 139 , 75.2560642671 ]
[ 439 , 138 , 28.8103030595 ]
[ 438 , 139 , 146.143303221 ]
[ 437 , 140 , 8.90200783514 ]
[ 436 , 141 , 11.8193752076 ]
[ 435 , 142 , 116.960031055 ]
[ 434 , 141 , 90.3757230413 ]
[ 433 , 140 , 5.93792971401 ]
[ 432 , 139 , 34.9303791457 ]
[ 431 , 138 , 282.061988321 ]
[ 430 , 138 , 54.0565128513 ]
[ 429 , 139 , 70.7940912949 ]
[ 428 , 138 , 128.034096615 ]
[ 427 , 137 , 2.21085617156 ]
[ 426 , 136 , 120.411829121 ]
[ 425 , 136 , 66.9904909556 ]
[ 424 , 136 , 25.7215215874 ]
[ 423 , 136 , 58.9979764964 ]
[ 422 , 137 , 43.7962676859 ]
[ 421 , 137 , 155.348469449 ]
[ 420 , 136 , 53.950900497 ]
[ 419 , 135 , 194.299791809 ]
[ 418 , 134 , 116.602770373 ]
[ 417 , 133 , 39.8137711763 ]
[ 416 , 132 , 141.576363496 ]
[ 415 , 131 , 26.7852031228 ]
[ 414 , 132 , 105.950844421 ]
[ 413 , 133 , 38.6700563652 ]
[ 412 , 133 , 5.00460470078 ]
[ 411 , 133 , 154.899310627 ]
[ 410 , 133 , 40.3493515609 ]
[ 409 , 134 , 200.750367765 ]
[ 408 , 135 , 71.0832202781 ]
[ 407 , 135 , 27.2984167662 ]
[ 406 , 136 , 74.5556026964 ]
[ 405 , 137 , 248.485845041 ]
[ 404 , 138 , 283.673655143 ]
[ 403 , 138 , 151.545802449 ]
[ 402 , 139 , 133.007245421 ]
[ 401 , 139 , 30.9101513219 ]
[ 400 , 140 , 93.9643635824 ]
[ 399 , 139 , 11.741105418 ]
[ 398 , 138 , 45.5854052071 ]
[ 397 , 138 , 45.0637146411 ]
[ 396 , 139 , 2.40924796469 ]
[ 395 , 138 , 137.573758392 ]
[ 394 , 138 , 175.04914602 ]
[ 393 , 137 , 83.2979617781 ]
[ 392 , 136 , 35.9963625554 ]
[ 391 , 135 , 403.683289897 ]
[ 390 , 134 , 9.87168577026 ]
[ 389 , 133 , 146.110263043 ]
[ 388 , 134 , 49.3262162111 ]
[ 387 , 133 , 149.366871611 ]
[ 386 , 132 , 12.4759633675 ]
[ 385 , 133 , 79.9256522502 ]
[ 384 , 133 , 62.3668731094 ]
[ 383 , 134 , 16.5016541867 ]
[ 382 , 133 , 8.52506893096 ]
[ 381 , 132 , 138.264766514 ]
[ 380 , 131 , 127.997012897 ]
[ 379 , 131 , 31.6474625662 ]
[ 378 , 132 , 165.221640383 ]
[ 377 , 131 , 42.4952377188 ]
[ 376 , 130 , 186.138832004 ]
[ 375 , 129 , 4.72151458676 ]
[ 374 , 129 , 9.08301273872 ]
[ 373 , 128 , 50.9935439189 ]
[ 372 , 128 , 269.186231178 ]
[ 371 , 127 , 5.15146731815 ]
[ 370 , 127 , 134.827980135 ]
[ 369 , 127 , 8.18488447588 ]
[ 368 , 128 , 23.7022757712 ]
[ 367 , 128 , 47.2923463174 ]
[ 366 , 129 , 272.758312376 ]
[ 365 , 129 , 23.0619809753 ]
[ 364 , 130 , 42.7558626629 ]
[ 363 , 129 , 130.193430718 ]
[ 362 , 129 , 44.428888127 ]
[ 361 , 128 , 47.7854896363 ]
[ 360 , 129 , 11.5644260604 ]
[ 359 , 129 , 209.249077261 ]
[ 358 , 129 , 283.047001945 ]
[ 357 , 129 , 94.7059898909 ]
[ 356 , 130 , 157.032883954 ]
[ 355 , 131 , 15.49985618 ]
[ 354 , 132 , 135.325101405 ]
[ 353 , 131 , 43.6218715224 ]
[ 352 , 132 , 214.043015169 ]
[ 351 , 133 , 51.8442456663 ]
[ 350 , 133 , 39.5400532174 ]
[ 349 , 133 , 156.412296564 ]
[ 348 , 134 , 102.547574909 ]
[ 347 , 135 , 18.0112886483 ]
[ 346 , 136 , 130.807489231 ]
[ 345 , 135 , 144.072054311 ]
[ 344 , 136 , 44.7997009521 ]
[ 343 , 137 , 56.3423855542 ]
[ 342 , 138 , 221.121756815 ]
[ 341 , 139 , 6.8379440752 ]
[ 340 , 138 , 116.310079904 ]
[ 339 , 139 , 8.40513562258 ]
[ 338 , 139 , 131.625151491 ]
[ 337 , 139 , 56.8894060516 ]
[ 336 , 138 , 277.647916658 ]
[ 335 , 138 , 224.641658434 ]
[ 334 , 137 , 36.168219971 ]
[ 333 , 138 , 40.5598393995 ]
[ 332 , 137 , 121.044556397 ]
[ 331 , 137 , 16.4532815166 ]
[ 330 , 137 , 173.089652848 ]
[ 329 , 138 , 156.235625718 ]
[ 328 , 139 , 51.2682203039 ]
[ 327 , 140 , 33.3790124913 ]
[ 326 , 139 , 106.730559315 ]
[ 325 , 140 , 177.269491541 ]
[ 324 , 139 , 61.6770571226 ]
[ 323 , 138 , 79.2095082704 ]
[ 322 , 138 , 92.0810358242 ]
[ 321 , 137 , 5.73422883122 ]
[ 320 , 138 , 155.81147585 ]
[ 319 , 139 , 72.9979048245 ]
[ 318 , 139 , 4.49192946564 ]
[ 317 , 138 , 7.28920841416 ]
[ 316 , 138 , 87.9936989567 ]
[ 315 , 139 , 44.4162891224 ]
[ 314 , 139 , 12.8578904731 ]
[ 313 , 139 , 39.2720955253 ]
[ 312 , 140 , 87.1214234595 ]
[ 311 , 139 , 68.9942550771 ]
[ 310 , 140 , 54.9249789547 ]
[ 309 , 141 , 75.4105634988 ]
[ 308 , 142 , 193.68089036 ]
[ 307 , 143 , 182.693036469 ]
[ 306 , 144 , 6.56718662304 ]
[ 305 , 143 , 49.6369995073 ]
[ 304 , 144 , 247.087769378 ]
[ 303 , 144 , 127.58808702 ]
[ 302 , 145 , 62.0844087165 ]
[ 301 , 146 , 59.9708243849 ]
[ 300 , 145 , 151.07733506 ]
[ 299 , 145 , 47.2073460674 ]
[ 298 , 145 , 34.1760118154 ]
[ 297 , 145 , 197.181213708 ]
[ 296 , 145 , 46.8589424027 ]
[ 295 , 146 , 5.19139692121 ]
[ 294 , 146 , 46.5807346464 ]
[ 293 , 147 , 121.918682826 ]
[ 292 , 148 , 21.600257961 ]
[ 291 , 149 , 24.309021432 ]
[ 290 , 148 , 15.9932065768 ]
[ 289 , 148 , 21.8442742922 ]
[ 288 , 148 , 82.7356413906 ]
[ 287 , 149 , 137.954540069 ]
[ 286 , 148 , 97.9256506286 ]
[ 285 , 149 , 40.7882268474 ]
[ 284 , 150 , 50.8909810047 ]
[ 283 , 150 , 115.300901193 ]
[ 282 , 150 , 124.664177181 ]
[ 281 , 150 , 34.1513070996 ]
[ 280 , 149 , 305.509668507 ]
[ 279 , 149 , 112.408239705 ]
[ 278 , 150 , 50.8543713841 ]
[ 277 , 151 , 63.8779292008 ]
[ 276 , 151 , 24.4140143005 ]
[ 275 , 150 , 17.1855559769 ]
[ 274 , 149 , 64.1374178729 ]
[ 273 , 150 , 134.629279192 ]
[ 272 , 149 , 167.989484655 ]
[ 271 , 149 , 70.8606756034 ]
[ 270 , 149 , 4.65255093871 ]
[ 269 , 149 , 171.188244932 ]
[ 268 , 148 , 100.649394869 ]
[ 267 , 149 , 54.980192228 ]
[ 266 , 149 , 12.2997833214 ]
[ 265 , 148 , 129.037887435 ]
[ 264 , 147 , 20.4885886878 ]
[ 263 , 146 , 16.0943172562 ]
[ 262 , 146 , 7.72162705708 ]
[ 261 , 147 , 91.6697645273 ]
[ 260 , 147 , 143.403284418 ]
[ 259 , 148 , 34.6818169276 ]
[ 258 , 149 , 3.6322281411 ]
[ 257 , 148 , 209.955631018 ]
[ 256 , 147 , 83.9473338517 ]
[ 255 , 148 , 87.0948811655 ]
[ 254 , 148 , 21.5412664352 ]
[ 253 , 147 , 322.483293046 ]
[ 252 , 146 , 22.874879372 ]
[ 251 , 146 , 49.9561760073 ]
[ 250 , 147 , 301.75881645 ]
[ 249 , 148 , 94.7351205764 ]
[ 248 , 147 , 178.048381065 ]
[ 247 , 148 , 95.1229720958 ]
[ 246 , 149 , 25.9740703586 ]
[ 245 , 149 , 146.558064011 ]
[ 244 , 148 , 7.5189719023 ]
[ 243 , 147 , 35.5400470778 ]
[ 242 , 148 , 303.655149371 ]
[ 241 , 147 , 21.9709579452 ]
[ 240 , 146 , 108.717585567 ]
[ 239 , 146 , 74.8582407238 ]
[ 238 , 145 , 72.1185539192 ]
[ 237 , 146 , 132.3833806 ]
[ 236 , 145 , 116.35629766 ]
[ 235 , 145 , 180.650464218 ]
[ 234 , 144 , 37.0449453494 ]
[ 233 , 143 , 67.5849168997 ]
[ 232 , 143 , 136.472078078 ]
[ 231 , 142 , 245.410908865 ]
[ 230 , 141 , 113.929686181 ]
[ 229 , 140 , 63.1114999188 ]
[ 228 , 140 , 46.2871101271 ]
[ 227 , 139 , 170.412668782 ]
[ 226 , 139 , 99.3046082959 ]
[ 225 , 138 , 55.6517878133 ]
[ 224 , 139 , 3.85134169871 ]
[ 223 , 139 , 34.6851607604 ]
[ 222 , 139 , 55.845448327 ]
[ 221 , 139 , 5.27091699764 ]
[ 220 , 138 , 111.394640225 ]
[ 219 , 138 , 107.020006012 ]
[ 218 , 139 , 57.0107780708 ]
[ 217 , 140 , 175.951963024 ]
[ 216 , 139 , 106.882064502 ]
[ 215 , 138 , 92.2197298292 ]
[ 214 , 138 , 52.2837555157 ]
[ 213 , 138 , 201.910108806 ]
[ 212 , 138 , 47.8281809371 ]
[ 211 , 138 , 18.0365512572 ]
[ 210 , 139 , 62.1559040391 ]
[ 209 , 140 , 10.6924612489 ]
[ 208 , 141 , 6.26225928231 ]
[ 207 , 142 , 58.7109399714 ]
[ 206 , 143 , 330.997822642 ]
[ 205 , 144 , 108.489913464 ]
[ 204 , 145 , 45.2677526225 ]
[ 203 , 144 , 89.7942013819 ]
[ 202 , 145 , 234.083382141 ]
[ 201 , 146 , 51.1080130084 ]
[ 200 , 147 , 4.67161196787 ]
[ 199 , 147 , 115.479193761 ]
[ 198 , 148 , 119.776516357 ]
[ 197 , 149 , 207.974657718 ]
[ 196 , 150 , 13.5837830122 ]
[ 195 , 151 , 21.9957957767 ]
[ 194 , 150 , 124.434028691 ]
[ 193 , 149 , 95.1774862264 ]
[ 192 , 148 , 138.840611389 ]
[ 191 , 147 , 159.458991942 ]
[ 190 , 146 , 42.3168938403 ]
[ 189 , 146 , 87.6494802336 ]
[ 188 , 145 , 117.770695562 ]
[ 187 , 146 , 95.0267658252 ]
[ 186 , 146 , 25.0362801767 ]
[ 185 , 145 , 106.414146119 ]
[ 184 , 146 , 75.8508891345 ]
[ 183 , 145 , 14.9915724778 ]
[ 182 , 144 , 24.2607502294 ]
[ 181 , 144 , 216.619443284 ]
[ 180 , 145 , 140.99779952 ]
[ 179 , 145 , 90.8083442552 ]
[ 178 , 145 , 58.6814462668 ]
[ 177 , 145 , 5.65805202726 ]
[ 176 , 146 , 122.720157345 ]
[ 175 , 146 , 57.0892446393 ]
[ 174 , 147 , 242.41056586 ]
[ 173 , 147 , 106.595388506 ]
[ 172 , 148 , 12.0580063882 ]
[ 171 , 148 , 71.7447009676 ]
[ 170 , 149 , 40.8228457964 ]
[ 169 , 148 , 54.9870621804 ]
[ 168 , 147 , 25.1516298459 ]
[ 167 , 148 , 23.9875271075 ]
[ 166 , 149 , 16.7593436501 ]
[ 165 , 149 , 141.182888925 ]
[ 164 , 149 , 67.4078142175 ]
[ 163 , 148 , 148.582435141 ]
[ 162 , 147 , 27.4955949887 ]
[ 161 , 147 , 248.910259206 ]
[ 160 , 147 , 205.428120998 ]
[ 159 , 146 , 10.4481883354 ]
[ 158 , 146 , 16.2064166957 ]
[ 157 , 147 , 78.8008806964 ]
[ 156 , 148 , 20.5562057133 ]
[ 155 , 147 , 130.219518202 ]
[ 154 , 147 , 337.765899028 ]
[ 153 , 147 , 6.15512595203 ]
[ 152 , 148 , 93.9192545756 ]
[ 151 , 149 , 199.287994112 ]
[ 150 , 149 , 18.4953415692 ]
[ 149 , 149 , 219.130980989 ]
[ 148 , 150 , 44.3445091248 ]
[ 147 , 151 , 12.6679905383 ]
[ 146 , 152 , 107.003695497 ]
[ 145 , 153 , 105.724120842 ]
[ 144 , 154 , 8.57508975338 ]
[ 143 , 155 , 148.671287744 ]
[ 142 , 156 , 116.82568329 ]
[ 141 , 157 , 9.49417089852 ]
[ 140 , 157 , 43.6067094619 ]
[ 139 , 156 , 25.7488975181 ]
[ 138 , 156 , 154.323418798 ]
[ 137 , 156 , 29.516675779 ]
[ 136 , 155 , 2.95805011612 ]
[ 135 , 154 , 60.1381237667 ]
[ 134 , 154 , 129.795120445 ]
[ 133 , 153 , 319.857952018 ]
[ 132 , 153 , 25.5391670817 ]
[ 131 , 153 , 17.3828533628 ]
[ 130 , 152 , 3.86804524293 ]
[ 129 , 152 , 10.4549967811 ]
[ 128 , 153 , 223.352861774 ]
[ 127 , 154 , 196.267760958 ]
[ 126 , 155 , 84.5219998943 ]
[ 125 , 154 , 19.0185682009 ]
[ 124 , 155 , 136.909265684 ]
[ 123 , 156 , 146.514845094 ]
[ 122 , 157 , 327.322968945 ]
[ 121 , 158 , 83.3566138858 ]
[ 120 , 157 , 24.3381853138 ]
[ 119 , 156 , 25.6421869327 ]
[ 118 , 157 , 229.982027227 ]
[ 117 , 158 , 17.9689824181 ]
[ 116 , 158 , 263.949300863 ]
[ 115 , 158 , 46.4294921044 ]
[ 114 , 158 , 4.47491494622 ]
[ 113 , 159 , 46.490848831 ]
[ 112 , 159 , 28.8574101552 ]
[ 111 , 160 , 24.0398544641 ]
[ 110 , 159 , 68.9187412154 ]
[ 109 , 160 , 27.8547516653 ]
[ 108 , 161 , 264.282891877 ]
[ 107 , 161 , 114.784671518 ]
[ 106 , 162 , 3.71240943097 ]
[ 105 , 163 , 29.7965184771 ]
[ 104 , 164 , 246.335590234 ]
[ 103 , 165 , 266.944025467 ]
[ 102 , 166 , 5.66545695847 ]
[ 101 , 166 , 15.0143444411 ]
[ 100 , 165 , 96.0679067045 ]
[ 99 , 164 , 75.8489790219 ]
[ 98 , 163 , 9.37653584281 ]
[ 97 , 163 , 179.622468767 ]
[ 96 , 163 , 22.9764693558 ]
[ 95 , 162 , 226.621260901 ]
[ 94 , 161 , 33.0062117092 ]
[ 93 , 162 , 58.5374144323 ]
[ 92 , 162 , 12.4138257651 ]
[ 91 , 161 , 215.295072134 ]
[ 90 , 162 , 37.752353697 ]
[ 89 , 163 , 42.0232164981 ]
[ 88 , 163 , 9.25760994065 ]
[ 87 , 164 , 163.392894272 ]
[ 86 , 164 , 134.510973736 ]
[ 85 , 165 , 49.9534415884 ]
[ 84 , 165 , 32.7611969266 ]
[ 83 , 165 , 142.118980501 ]
[ 82 , 165 , 48.0040313837 ]
[ 81 , 166 , 286.118731747 ]
[ 80 , 167 , 142.25667615 ]
[ 79 , 168 , 103.693236859 ]
[ 78 , 168 , 8.50001146256 ]
[ 77 , 167 , 98.5585793024 ]
[ 76 , 168 , 25.3930285832 ]
[ 75 , 168 , 143.396595608 ]
[ 74 , 168 , 44.1291146255 ]
[ 73 , 169 , 82.4522028899 ]
[ 72 , 169 , 102.726185554 ]
[ 71 , 169 , 128.207514394 ]
[ 70 , 170 , 163.62941157 ]
[ 69 , 170 , 96.0196581371 ]
[ 68 , 171 , 1.50356179243 ]
[ 67 , 170 , 23.8310972802 ]
[ 66 , 171 , 145.904303173 ]
[ 65 , 172 , 105.029297994 ]
[ 64 , 172 , 47.6204414055 ]
[ 63 , 173 , 24.5095950527 ]
[ 62 , 173 , 54.4566727836 ]
[ 61 , 173 , 154.10014805 ]
[ 60 , 174 , 140.881666877 ]
[ 59 , 175 , 9.47687104777 ]
[ 58 , 174 , 83.0197364099 ]
[ 57 , 173 , 72.2987334941 ]
[ 56 , 172 , 95.0791930281 ]
[ 55 , 171 , 30.5071590172 ]
[ 54 , 172 , 33.6027500871 ]
[ 53 , 171 , 28.5879750122 ]
[ 52 , 172 , 142.300314393 ]
[ 51 , 173 , 29.9439607036 ]
[ 50 , 174 , 137.296954259 ]
[ 49 , 175 , 20.7966264127 ]
[ 48 , 174 , 42.6818612251 ]
[ 47 , 173 , 67.9561189968 ]
[ 46 , 173 , 40.6832052242 ]
[ 45 , 172 , 22.3459510066 ]
[ 44 , 171 , 36.1356361186 ]
[ 43 , 170 , 166.103755481 ]
[ 42 , 171 , 240.807862572 ]
[ 41 , 171 , 4.3450744684 ]
[ 40 , 172 , 37.1999195111 ]
[ 39 , 171 , 26.1845783642 ]
[ 38 , 170 , 221.391147598 ]
[ 37 , 171 , 43.4931343622 ]
[ 36 , 170 , 49.3501789703 ]
[ 35 , 170 , 26.448399467 ]
[ 34 , 170 , 45.7653433062 ]
[ 33 , 169 , 188.72878762 ]
[ 32 , 169 , 0.866266439773 ]
[ 31 , 169 , 9.837837907 ]
[ 30 , 169 , 116.432698804 ]
[ 29 , 169 , 58.6493842055 ]
[ 28 , 170 , 85.1376241407 ]
[ 27 , 169 , 160.793262318 ]
[ 26 , 170 , 54.1459907117 ]
[ 25 , 171 , 62.0111499399 ]
[ 24 , 172 , 53.3674124594 ]
[ 23 , 172 , 120.642554231 ]
[ 22 , 173 , 144.415794554 ]
[ 21 , 172 , 20.745738346 ]
[ 20 , 173 , 145.38677179 ]
[ 19 , 173 , 32.6228741799 ]
[ 18 , 174 , 33.4759019422 ]
[ 17 , 174 , 208.188366869 ]
[ 16 , 175 , 60.1900444464 ]
[ 15 , 176 , 296.696861543 ]
[ 14 , 177 , 16.9259271108 ]
[ 13 , 177 , 42.676324751 ]
[ 12 , 178 , 116.822545326 ]
[ 11 , 179 , 46.8140648491 ]
[ 10 , 179 , 30.9669502165 ]
[ 9 , 180 , 35.48992009 ]
[ 8 , 180 , 21.2681268451 ]
[ 7 , 181 , 106.534573166 ]
[ 6 , 182 , 27.7294936472 ]
[ 5 , 183 , 24.4661771651 ]
[ 4 , 182 , 90.726820836 ]
[ 3 , 183 , 12.8188616844 ]
[ 2 , 183 , 265.108473209 ]
[ 1 , 183 , 86.7268456675 ]
[ 0 , 182 , 39.1582115522 ]
